Parameter Mu_Star Mu Mu_Star_Conf Sigma
cd321 0.000 0.000 0.000 0.000
cd563 0.000 0.000 0.000 0.000
cd562 0.000 0.000 0.000 0.000
cd323 0.000 0.000 0.000 0.000
cd564 0.000 0.000 0.000 0.000
cd204 0.000 0.000 0.000 0.000
cd203 0.000 0.000 0.000 0.000
cd687 0.000 0.000 0.000 0.000
cd206 0.000 0.000 0.000 0.000
cd327 0.000 0.000 0.000 0.000
cd326 0.000 0.000 0.000 0.000
cd329 0.000 0.000 0.000 0.000
cd209 0.000 0.000 0.000 0.000
cd790 0.000 0.000 0.000 0.000
cd673 0.000 0.000 0.000 0.000
cd554 0.000 0.000 0.000 0.000
cd796 0.000 0.000 0.000 0.000
cd795 0.000 0.000 0.000 0.000
cd314 0.000 0.000 0.000 0.000
cd435 0.000 0.000 0.000 0.000
cd798 0.000 0.000 0.000 0.000
cd679 0.000 0.000 0.000 0.000
cd678 0.000 0.000 0.000 0.000
cd318 0.000 0.000 0.000 0.000
cd317 0.000 0.000 0.000 0.000
cd581 0.000 0.000 0.000 0.000
cd580 0.000 0.000 0.000 0.000
cd462 0.000 0.000 0.000 0.000
cd220 0.000 0.000 0.000 0.000
cd461 0.000 0.000 0.000 0.000
cd464 0.000 0.000 0.000 0.000
cd585 0.000 0.000 0.000 0.000
cd584 0.000 0.000 0.000 0.000
cd463 0.000 0.000 0.000 0.000
cd224 0.000 0.000 0.000 0.000
cd468 0.000 0.000 0.000 0.000
cd469 0.000 0.000 0.000 0.000
cd106 0.000 0.000 0.000 0.000
cd348 0.000 0.000 0.000 0.000
cd691 0.000 0.000 0.000 0.000
cd571 0.000 0.000 0.000 0.000
cd450 0.000 0.000 0.000 0.000
cd453 0.000 0.000 0.000 0.000
cd210 0.000 0.000 0.000 0.000
cd331 0.000 0.000 0.000 0.000
cd576 0.000 0.000 0.000 0.000
cd454 0.000 0.000 0.000 0.000
cd336 0.000 0.000 0.000 0.000
cd699 0.000 0.000 0.000 0.000
cd457 0.000 0.000 0.000 0.000
cd698 0.000 0.000 0.000 0.000
cd214 0.000 0.000 0.000 0.000
cd339 0.000 0.000 0.000 0.000
ud196 0.000 0.000 0.000 0.000
cd882 0.000 0.000 0.000 0.000
cd640 0.000 0.000 0.000 0.000
cd881 0.000 0.000 0.000 0.000
cd400 0.000 0.000 0.000 0.000
cd883 0.000 0.000 0.000 0.000
cd644 0.000 0.000 0.000 0.000
cd765 0.000 0.000 0.000 0.000
cd646 0.000 0.000 0.000 0.000
cd766 0.000 0.000 0.000 0.000
cd524 0.000 0.000 0.000 0.000
cd406 0.000 0.000 0.000 0.000
cd769 0.000 0.000 0.000 0.000
cd529 0.000 0.000 0.000 0.000
cd649 0.000 0.000 0.000 0.000
cd528 0.000 0.000 0.000 0.000
ud189 0.000 0.000 0.000 0.000
cd871 0.000 0.000 0.000 0.000
cd752 0.001 0.001 0.000 0.000
cd630 0.001 0.001 0.000 0.000
cd512 0.000 0.000 0.000 0.000
cd632 0.000 0.000 0.000 0.000
cd753 0.000 0.000 0.000 0.000
cd635 0.000 0.000 0.000 0.000
cd514 0.001 0.001 0.000 0.000
cd634 0.000 0.000 0.000 0.000
cd513 0.000 0.000 0.000 0.000
cd636 0.000 0.000 0.000 0.000
cd638 0.000 0.000 0.000 0.000
hl737 0.002 0.002 0.000 0.000
ud18 0.000 0.000 0.000 0.000
ud19 0.002 0.002 0.000 0.000
ud14 0.001 0.001 0.000 0.000
cd780 0.000 0.000 0.000 0.000
cd783 0.000 0.000 0.000 0.000
cd541 0.000 0.000 0.000 0.000
cd661 0.000 0.000 0.000 0.000
cd785 0.000 0.000 0.000 0.000
cd300 0.000 0.000 0.000 0.000
cd424 0.000 0.000 0.000 0.000
cd787 0.000 0.000 0.000 0.000
cd545 0.000 0.000 0.000 0.000
cd666 0.000 0.000 0.000 0.000
cd423 0.000 0.000 0.000 0.000
cd786 0.000 0.000 0.000 0.000
cd547 0.000 0.000 0.000 0.000
cd427 0.000 0.000 0.000 0.000
cd651 0.000 0.000 0.000 0.000
cd532 0.000 0.000 0.000 0.000
cd531 0.000 0.000 0.000 0.000
cd413 0.000 0.000 0.000 0.000
cd776 0.000 0.000 0.000 0.000
cd534 0.000 0.000 0.000 0.000
cd775 0.000 0.000 0.000 0.000
cd654 0.000 0.000 0.000 0.000
cd415 0.000 0.000 0.000 0.000
cd778 0.000 0.000 0.000 0.000
cd417 0.000 0.000 0.000 0.000
ud709 0.000 0.000 0.000 0.000
ud829 0.002 0.002 0.000 0.000
ud707 0.004 0.004 0.000 0.000
ud826 0.001 0.001 0.000 0.000
cd840 0.000 0.000 0.000 0.000
cd721 0.000 0.000 0.000 0.000
cd601 0.000 0.000 0.000 0.000
cd604 0.000 0.000 0.000 0.000
cd724 0.000 0.000 0.000 0.000
ud27 0.000 0.000 0.000 0.000
ud717 0.000 0.000 0.000 0.000
ud833 0.001 0.001 0.000 0.000
cd712 0.000 0.000 0.000 0.000
cd711 0.000 0.000 0.000 0.000
cd714 0.000 0.000 0.000 0.000
cd835 0.000 0.000 0.000 0.000
cd713 0.000 0.000 0.000 0.000
cd837 0.000 0.000 0.000 0.000
cd715 0.000 0.000 0.000 0.000
cd836 0.000 0.000 0.000 0.000
cd839 0.000 0.000 0.000 0.000
cd838 0.000 0.000 0.000 0.000
ud56 0.029 0.029 0.000 0.000
cd860 0.000 0.000 0.000 0.000
ud728 0.002 0.002 0.000 0.000
cd862 0.000 0.000 0.000 0.000
ud726 0.000 0.000 0.000 0.000
ud605 0.000 0.000 0.000 0.000
cd864 0.000 0.000 0.000 0.000
cd863 0.000 0.000 0.000 0.000
cd866 0.000 0.000 0.000 0.000
ud843 0.001 0.001 0.000 0.000
ud842 0.005 0.005 0.000 0.000
cd626 0.000 0.000 0.000 0.000
cd505 0.000 0.000 0.000 0.000
cd504 0.000 0.000 0.000 0.000
cd625 0.000 0.000 0.000 0.000
cd869 0.000 0.000 0.000 0.000
cd748 0.000 0.000 0.000 0.000
cd629 0.000 0.000 0.000 0.000
ud615 0.001 0.001 0.000 0.000
cd852 0.000 0.000 0.000 0.000
cd613 0.000 0.000 0.000 0.000
cd734 0.000 0.000 0.000 0.000
cd733 0.000 0.000 0.000 0.000
ud854 0.000 0.000 0.000 0.000
cd857 0.000 0.000 0.000 0.000
cd736 0.000 0.000 0.000 0.000
ud610 0.000 0.000 0.000 0.000
cd614 0.000 0.000 0.000 0.000
cd859 0.000 0.000 0.000 0.000
ud851 0.000 0.000 0.000 0.000
cd858 0.000 0.000 0.000 0.000
cd616 0.000 0.000 0.000 0.000
cd619 0.000 0.000 0.000 0.000
ud79 0.000 0.000 0.000 0.000
ud76 0.001 0.001 0.000 0.000
ud77 0.001 0.001 0.000 0.000
ud808 0.000 0.000 0.000 0.000
cd701 0.000 0.000 0.000 0.000
cd821 0.000 0.000 0.000 0.000
cd824 0.001 0.001 0.000 0.000
cd823 0.000 0.000 0.000 0.000
cd706 0.000 0.000 0.000 0.000
ud812 0.000 0.000 0.000 0.000
cd811 0.000 0.000 0.000 0.000
cd815 0.000 0.000 0.000 0.000
cd814 0.000 0.000 0.000 0.000
cd816 0.000 0.000 0.000 0.000
cd819 0.000 0.000 0.000 0.000
ud549 0.000 0.000 0.000 0.000
ud306 0.003 0.003 0.000 0.000
ud667 0.002 0.002 0.000 0.000
ud301 0.005 0.005 0.000 0.000
ud422 0.000 0.000 0.000 0.000
ud781 0.000 0.000 0.000 0.000
ud660 0.000 0.000 0.000 0.000
ud319 0.003 0.003 0.000 0.000
ud555 0.001 0.001 0.000 0.000
ud676 0.000 0.000 0.000 0.000
ud675 0.000 0.000 0.000 0.000
ud672 0.000 0.000 0.000 0.000
ud792 0.000 0.000 0.000 0.000
cd29 0.000 0.000 0.000 0.000
cd25 0.000 0.000 0.000 0.000
cd26 0.000 0.000 0.000 0.000
cd22 0.000 0.000 0.000 0.000
cd31 0.000 0.000 0.000 0.000
ud688 0.000 0.000 0.000 0.000
ud567 0.000 0.000 0.000 0.000
ud560 0.003 0.003 0.000 0.000
hl197 0.000 0.000 0.000 0.000
cd16 0.000 0.000 0.000 0.000
cd13 0.000 0.000 0.000 0.000
cd11 0.000 0.000 0.000 0.000
ud338 0.000 0.000 0.000 0.000
ud697 0.004 0.004 0.000 0.000
ud211 0.000 0.000 0.000 0.000
ud330 0.002 0.002 0.000 0.000
cd49 0.000 0.000 0.000 0.000
cd48 0.000 0.000 0.000 0.000
cd45 0.000 0.000 0.000 0.000
ud509 0.000 0.000 0.000 0.000
ud742 0.002 0.002 0.000 0.000
ud740 0.001 0.001 0.000 0.000
cd190 0.000 0.000 0.000 0.000
cd35 0.000 0.000 0.000 0.000
cd199 0.000 0.000 0.000 0.000
cd42 0.000 0.000 0.000 0.000
ud758 0.000 0.000 0.000 0.000
ud515 0.000 0.000 0.000 0.000
ud875 0.000 0.000 0.000 0.000
ud874 0.001 0.001 0.000 0.000
cd67 0.000 0.000 0.000 0.000
cd74 0.000 0.000 0.000 0.000
cd75 0.000 0.000 0.000 0.000
cd70 0.000 0.000 0.000 0.000
ud405 0.000 0.000 0.000 0.000
ud642 0.000 0.000 0.000 0.000
ud760 0.001 0.001 0.000 0.000
cd58 0.000 0.000 0.000 0.000
cd59 0.000 0.000 0.000 0.000
hl72 0.000 0.000 0.000 0.000
cd55 0.000 0.000 0.000 0.000
cd63 0.000 0.000 0.000 0.000
cd64 0.000 0.000 0.000 0.000
cd61 0.000 0.000 0.000 0.000
ud418 0.001 0.001 0.000 0.000
ud659 0.001 0.001 0.000 0.000
cd60 0.000 0.000 0.000 0.000
ud777 0.004 0.004 0.000 0.000
ud535 0.000 0.000 0.000 0.000
ud533 0.000 0.000 0.000 0.000
ud272 0.000 0.000 0.000 0.000
ud152 0.000 0.000 0.000 0.000
cd89 0.000 0.000 0.000 0.000
cd283 0.000 0.000 0.000 0.000
cd165 0.000 0.000 0.000 0.000
cd286 0.000 0.000 0.000 0.000
cd97 0.000 0.000 0.000 0.000
cd169 0.000 0.000 0.000 0.000
cd94 0.000 0.000 0.000 0.000
cd95 0.000 0.000 0.000 0.000
ud148 0.000 0.000 0.000 0.000
ud162 0.008 0.008 0.000 0.000
ud160 0.000 0.000 0.000 0.000
ud282 0.000 0.000 0.000 0.000
cd392 0.001 0.001 0.000 0.000
cd270 0.000 0.000 0.000 0.000
cd274 0.000 0.000 0.000 0.000
cd398 0.000 0.000 0.000 0.000
cd277 0.000 0.000 0.000 0.000
cd86 0.001 0.001 0.000 0.000
cd155 0.000 0.000 0.000 0.000
cd159 0.000 0.000 0.000 0.000
ud276 0.000 0.000 0.000 0.000
ud153 0.001 0.001 0.000 0.000
ud174 0.000 0.000 0.000 0.000
ud170 0.000 0.000 0.000 0.000
cd187 0.000 0.000 0.000 0.000
cd188 0.000 0.000 0.000 0.000
cd291 0.000 0.000 0.000 0.000
cd290 0.000 0.000 0.000 0.000
cd292 0.000 0.000 0.000 0.000
cd295 0.000 0.000 0.000 0.000
cd299 0.001 0.001 0.000 0.000
ud177 0.000 0.000 0.000 0.000
ud4 0.004 0.004 0.000 0.000
ud6 0.000 0.000 0.000 0.000
ud9 0.000 0.000 0.000 0.000
cd482 0.000 0.000 0.000 0.000
cd121 0.001 0.001 0.000 0.000
cd242 0.000 0.000 0.000 0.000
cd362 0.000 0.000 0.000 0.000
cd365 0.000 0.000 0.000 0.000
cd485 0.000 0.000 0.000 0.000
cd122 0.000 0.000 0.000 0.000
cd488 0.000 0.000 0.000 0.000
cd366 0.000 0.000 0.000 0.000
cd245 0.000 0.000 0.000 0.000
ud229 0.001 0.001 0.000 0.000
cd127 0.000 0.000 0.000 0.000
ud228 0.001 0.001 0.000 0.000
cd128 0.000 0.000 0.000 0.000
ud588 0.002 0.002 0.000 0.000
ud222 0.000 0.000 0.000 0.000
ud582 0.001 0.001 0.000 0.000
ud360 0.001 0.001 0.000 0.000
ud481 0.001 0.001 0.000 0.000
hl694 0.001 0.001 0.000 0.000
cd592 0.000 0.000 0.000 0.000
cd352 0.000 0.000 0.000 0.000
cd231 0.000 0.000 0.000 0.000
cd472 0.000 0.000 0.000 0.000
cd230 0.000 0.000 0.000 0.000
cd232 0.000 0.000 0.000 0.000
cd353 0.000 0.000 0.000 0.000
cd111 0.000 0.000 0.000 0.000
cd235 0.000 0.000 0.000 0.000
cd479 0.000 0.000 0.000 0.000
cd116 0.000 0.000 0.000 0.000
cd358 0.000 0.000 0.000 0.000
cd357 0.000 0.000 0.000 0.000
cd239 0.000 0.000 0.000 0.000
cd359 0.000 0.000 0.000 0.000
cd238 0.000 0.000 0.000 0.000
cd119 0.000 0.000 0.000 0.000
ud234 0.000 0.000 0.000 0.000
ud356 0.000 0.000 0.000 0.000
ud474 0.000 0.000 0.000 0.000
ud595 0.000 0.000 0.000 0.000
ud112 0.001 0.001 0.000 0.000
ud371 0.001 0.001 0.000 0.000
ud372 0.000 0.000 0.000 0.000
cd260 0.000 0.000 0.000 0.000
cd262 0.000 0.000 0.000 0.000
cd141 0.000 0.000 0.000 0.000
cd383 0.000 0.000 0.000 0.000
cd385 0.000 0.000 0.000 0.000
cd142 0.000 0.000 0.000 0.000
cd266 0.000 0.000 0.000 0.000
cd389 0.000 0.000 0.000 0.000
cd147 0.000 0.000 0.000 0.000
cd388 0.000 0.000 0.000 0.000
ud124 0.017 0.017 0.000 0.000
ud487 0.001 0.001 0.000 0.000
ud120 0.006 0.006 0.000 0.000
ud484 0.001 0.001 0.000 0.000
ud261 0.001 0.001 0.000 0.000
ud380 0.003 0.003 0.000 0.000
cd370 0.000 0.000 0.000 0.000
cd490 0.000 0.000 0.000 0.000
cd495 0.000 0.000 0.000 0.000
cd374 0.000 0.000 0.000 0.000
cd131 0.000 0.000 0.000 0.000
cd252 0.000 0.000 0.000 0.000
cd494 0.000 0.000 0.000 0.000
cd2 0.000 0.000 0.000 0.000
cd133 0.000 0.000 0.000 0.000
cd496 0.000 0.000 0.000 0.000
cd254 0.000 0.000 0.000 0.000
cd257 0.000 0.000 0.000 0.000
cd499 0.000 0.000 0.000 0.000
cd5 0.000 0.000 0.000 0.000
ud373 0.001 0.001 0.000 0.000
