Parameter S1 S1_conf ST ST_conf
cd321 0.000009 0.000044 0.000000 0.000000
cd563 -0.000006 0.000084 0.000001 0.000000
cd562 0.000000 0.000000 0.000000 0.000000
cd323 -0.000009 0.000079 0.000001 0.000000
cd564 0.000005 0.000091 0.000002 0.000000
cd204 0.000006 0.000066 0.000001 0.000000
cd203 0.000054 0.000123 0.000003 0.000000
cd687 0.000002 0.000170 0.000006 0.000000
cd206 0.000000 0.000237 0.000011 0.000001
cd327 -0.000027 0.000133 0.000004 0.000000
cd326 -0.000001 0.000046 0.000000 0.000000
cd329 0.000005 0.000174 0.000006 0.000000
cd209 0.000007 0.000032 0.000000 0.000000
cd790 -0.000006 0.000220 0.000009 0.000001
cd673 0.000009 0.000069 0.000001 0.000000
cd554 0.000032 0.000199 0.000007 0.000001
cd796 0.000026 0.000234 0.000011 0.000001
cd795 -0.000073 0.000291 0.000016 0.000001
cd314 0.000003 0.000019 0.000000 0.000000
cd435 -0.000002 0.000068 0.000001 0.000000
cd798 0.000040 0.000099 0.000002 0.000000
cd679 -0.000014 0.000082 0.000001 0.000000
cd678 0.000009 0.000053 0.000001 0.000000
cd318 -0.000004 0.000100 0.000002 0.000000
cd317 -0.000065 0.000277 0.000014 0.000001
cd581 0.000000 0.000000 0.000000 0.000000
cd580 -0.000002 0.000519 0.000053 0.000004
cd462 0.000682 0.000887 0.000160 0.000011
cd220 0.000019 0.000220 0.000010 0.000001
cd461 -0.000017 0.000080 0.000001 0.000000
cd464 0.000411 0.000800 0.000119 0.000009
cd585 0.000014 0.000099 0.000002 0.000000
cd584 -0.000008 0.000259 0.000014 0.000001
cd463 0.000035 0.000209 0.000009 0.000001
cd224 0.000000 0.000000 0.000000 0.000000
cd468 0.000026 0.000142 0.000004 0.000000
cd469 0.000080 0.000417 0.000031 0.000002
cd106 0.000006 0.000031 0.000000 0.000000
cd348 -0.000014 0.000130 0.000004 0.000000
cd691 0.000016 0.000189 0.000007 0.000001
cd571 -0.000042 0.000302 0.000019 0.000001
cd450 -0.000015 0.000095 0.000002 0.000000
cd453 -0.000115 0.000267 0.000014 0.000001
cd210 0.000029 0.000467 0.000043 0.000003
cd331 -0.000004 0.000033 0.000000 0.000000
cd576 0.000133 0.000801 0.000123 0.000009
cd454 -0.000008 0.000030 0.000000 0.000000
cd336 -0.000011 0.000823 0.000135 0.000010
cd699 -0.000001 0.000051 0.000001 0.000000
cd457 -0.000010 0.000147 0.000004 0.000000
cd698 0.000001 0.000175 0.000006 0.000000
cd214 -0.000019 0.000095 0.000002 0.000000
cd339 -0.000008 0.000103 0.000002 0.000000
ud196 -0.000012 0.000088 0.000002 0.000000
cd882 0.000021 0.000037 0.000000 0.000000
cd640 0.000005 0.000282 0.000015 0.000001
cd881 -0.000003 0.000282 0.000015 0.000001
cd400 -0.000017 0.000076 0.000001 0.000000
cd883 0.000000 0.000000 0.000000 0.000000
cd644 -0.000009 0.000045 0.000000 0.000000
cd765 -0.000057 0.000049 0.000001 0.000000
cd646 -0.000013 0.000119 0.000003 0.000000
cd766 -0.000012 0.000037 0.000000 0.000000
cd524 -0.000011 0.000098 0.000002 0.000000
cd406 0.000000 0.000000 0.000000 0.000000
cd769 -0.000001 0.000031 0.000000 0.000000
cd529 0.000486 0.000546 0.000058 0.000004
cd649 0.000009 0.000185 0.000006 0.000000
cd528 0.000029 0.000135 0.000004 0.000000
ud189 -0.000001 0.000081 0.000001 0.000000
cd871 -0.000012 0.000031 0.000000 0.000000
cd752 -0.000106 0.001399 0.000397 0.000029
cd630 0.000696 0.001359 0.000376 0.000028
cd512 -0.000003 0.000042 0.000000 0.000000
cd632 0.000110 0.000601 0.000067 0.000005
cd753 0.000033 0.000097 0.000002 0.000000
cd635 0.000004 0.000035 0.000000 0.000000
cd514 0.000064 0.001333 0.000322 0.000023
cd634 0.000040 0.000072 0.000001 0.000000
cd513 -0.002183 0.000706 0.000096 0.000007
cd636 -0.000003 0.000157 0.000005 0.000000
cd638 0.000045 0.000134 0.000004 0.000000
hl737 0.001921 0.003351 0.002335 0.000165
ud18 0.000194 0.000678 0.000092 0.000007
ud19 0.002103 0.003363 0.002303 0.000162
ud14 0.000992 0.002378 0.001205 0.000085
cd780 0.000126 0.000316 0.000020 0.000002
cd783 -0.000011 0.000191 0.000007 0.000001
cd541 -0.000022 0.000059 0.000001 0.000000
cd661 -0.000000 0.000068 0.000001 0.000000
cd785 0.000034 0.000044 0.000000 0.000000
cd300 0.000025 0.000228 0.000011 0.000001
cd424 0.000001 0.000032 0.000000 0.000000
cd787 -0.000043 0.000051 0.000001 0.000000
cd545 0.000006 0.000051 0.000000 0.000000
cd666 0.000008 0.000202 0.000009 0.000001
cd423 -0.000003 0.000073 0.000001 0.000000
cd786 0.000040 0.000273 0.000014 0.000001
cd547 0.000214 0.000328 0.000022 0.000002
cd427 0.000068 0.000394 0.000030 0.000002
cd651 0.000002 0.000093 0.000002 0.000000
cd532 0.000099 0.000417 0.000036 0.000003
cd531 0.000098 0.000547 0.000060 0.000005
cd413 0.000043 0.000266 0.000014 0.000001
cd776 -0.000139 0.000802 0.000123 0.000009
cd534 -0.000066 0.000744 0.000107 0.000008
cd775 0.000526 0.000193 0.000007 0.000001
cd654 0.000007 0.000074 0.000001 0.000000
cd415 0.000013 0.000067 0.000001 0.000000
cd778 0.000002 0.000034 0.000000 0.000000
cd417 0.000012 0.000265 0.000014 0.000001
ud709 -0.000012 0.000058 0.000001 0.000000
ud829 0.006236 0.005294 0.005301 0.000344
ud707 0.010202 0.006909 0.009442 0.000674
ud826 -0.000308 0.002087 0.000868 0.000064
cd840 -0.000032 0.000380 0.000027 0.000002
cd721 0.000267 0.000658 0.000085 0.000006
cd601 -0.000003 0.000051 0.000000 0.000000
cd604 -0.000001 0.000137 0.000003 0.000000
cd724 -0.000005 0.000052 0.000000 0.000000
ud27 0.000320 0.000889 0.000154 0.000011
ud717 -0.000037 0.000106 0.000002 0.000000
ud833 0.000948 0.001879 0.000727 0.000053
cd712 -0.000037 0.000127 0.000003 0.000000
cd711 -0.000010 0.000156 0.000005 0.000000
cd714 0.000056 0.000226 0.000010 0.000001
cd835 0.000207 0.000141 0.000004 0.000000
cd713 0.000008 0.000032 0.000000 0.000000
cd837 0.000023 0.000084 0.000001 0.000000
cd715 0.000004 0.000159 0.000005 0.000000
cd836 -0.000173 0.000641 0.000076 0.000006
cd839 -0.000007 0.000581 0.000067 0.000005
cd838 0.000230 0.000705 0.000100 0.000007
ud56 0.576910 0.046478 0.582676 0.039287
cd860 -0.000006 0.000220 0.000009 0.000001
ud728 0.003077 0.003647 0.002616 0.000191
cd862 0.000086 0.000301 0.000019 0.000001
ud726 0.000000 0.000034 0.000000 0.000000
ud605 0.000111 0.000124 0.000003 0.000000
cd864 0.000010 0.000140 0.000004 0.000000
cd863 0.000017 0.000035 0.000000 0.000000
cd866 0.000000 0.000000 0.000000 0.000000
ud843 -0.000129 0.001529 0.000458 0.000035
ud842 0.021057 0.010973 0.019613 0.001354
cd626 0.000037 0.000120 0.000003 0.000000
cd505 -0.000019 0.000137 0.000004 0.000000
cd504 0.000001 0.000208 0.000008 0.000001
cd625 0.000024 0.000096 0.000002 0.000000
cd869 -0.000007 0.000083 0.000001 0.000000
cd748 -0.000008 0.000042 0.000000 0.000000
cd629 0.000013 0.000053 0.000001 0.000000
ud615 0.001976 0.002198 0.001023 0.000075
cd852 0.000011 0.000264 0.000013 0.000001
cd613 0.000025 0.000181 0.000006 0.000000
cd734 -0.000001 0.000181 0.000006 0.000000
cd733 0.000112 0.000830 0.000119 0.000009
ud854 0.000013 0.000122 0.000003 0.000000
cd857 0.000008 0.000031 0.000000 0.000000
cd736 -0.000009 0.000088 0.000002 0.000000
ud610 0.000443 0.000702 0.000103 0.000007
cd614 -0.000004 0.000037 0.000000 0.000000
cd859 0.000157 0.000656 0.000090 0.000007
ud851 0.000471 0.000873 0.000153 0.000011
cd858 -0.000003 0.000409 0.000035 0.000003
cd616 0.000009 0.000044 0.000000 0.000000
cd619 0.000022 0.000096 0.000002 0.000000
ud79 -0.000046 0.000217 0.000009 0.000001
ud76 0.000053 0.002475 0.001246 0.000092
ud77 -0.000309 0.001904 0.000710 0.000053
ud808 0.000033 0.000338 0.000022 0.000002
cd701 0.000131 0.000565 0.000058 0.000004
cd821 -0.000015 0.000234 0.000012 0.000001
cd824 0.000167 0.001104 0.000255 0.000018
cd823 0.000055 0.000390 0.000030 0.000002
cd706 -0.000267 0.000240 0.000012 0.000001
ud812 0.000021 0.000218 0.000010 0.000001
cd811 0.000011 0.000194 0.000007 0.000001
cd815 0.000014 0.000135 0.000004 0.000000
cd814 0.000163 0.000569 0.000058 0.000004
cd816 0.000053 0.000246 0.000012 0.000001
cd819 -0.000008 0.000145 0.000004 0.000000
ud549 0.000009 0.000052 0.000001 0.000000
ud306 0.005204 0.005348 0.005525 0.000405
ud667 0.004691 0.004380 0.004104 0.000299
ud301 0.018685 0.009063 0.016181 0.001152
ud422 -0.000007 0.000088 0.000001 0.000000
ud781 -0.000115 0.000192 0.000007 0.000001
ud660 0.000016 0.000249 0.000013 0.000001
ud319 0.006944 0.005925 0.007000 0.000531
ud555 0.000859 0.001917 0.000715 0.000054
ud676 -0.000041 0.000198 0.000008 0.000001
ud675 -0.000070 0.000225 0.000010 0.000001
ud672 0.000109 0.000479 0.000048 0.000003
ud792 0.000005 0.000032 0.000000 0.000000
cd29 0.000004 0.000271 0.000015 0.000001
cd25 0.000003 0.000032 0.000000 0.000000
cd26 0.000008 0.000095 0.000002 0.000000
cd22 -0.000004 0.000081 0.000001 0.000000
cd31 0.000459 0.000566 0.000064 0.000005
ud688 -0.000036 0.000401 0.000032 0.000002
ud567 0.000069 0.000345 0.000023 0.000002
ud560 0.004978 0.004996 0.004775 0.000340
hl197 0.000000 0.000000 0.000000 0.000000
cd16 0.000001 0.000032 0.000000 0.000000
cd13 0.000002 0.000156 0.000005 0.000000
cd11 0.000014 0.000161 0.000005 0.000000
ud338 0.000010 0.000164 0.000005 0.000000
ud697 0.009373 0.007242 0.010149 0.000755
ud211 0.000002 0.000110 0.000002 0.000000
ud330 0.004773 0.004134 0.003639 0.000267
cd49 0.000020 0.000043 0.000000 0.000000
cd48 -0.000015 0.000183 0.000007 0.000001
cd45 -0.000005 0.000033 0.000000 0.000000
ud509 0.000012 0.000051 0.000001 0.000000
ud742 0.004514 0.004221 0.003739 0.000282
ud740 0.000545 0.001229 0.000323 0.000024
cd190 -0.000025 0.000099 0.000002 0.000000
cd35 -0.000001 0.000032 0.000000 0.000000
cd199 0.000066 0.000388 0.000030 0.000002
cd42 -0.000007 0.000045 0.000000 0.000000
ud758 0.000018 0.000158 0.000004 0.000000
ud515 0.000004 0.000041 0.000000 0.000000
ud875 -0.000047 0.000769 0.000118 0.000008
ud874 0.000556 0.001160 0.000296 0.000022
cd67 0.000021 0.000097 0.000002 0.000000
cd74 0.000013 0.000067 0.000001 0.000000
cd75 0.000023 0.000372 0.000029 0.000002
cd70 0.000081 0.000266 0.000014 0.000001
ud405 -0.000011 0.000163 0.000005 0.000000
ud642 -0.000010 0.000205 0.000009 0.000001
ud760 0.000208 0.002108 0.000907 0.000071
cd58 0.000005 0.000712 0.000096 0.000007
cd59 -0.000006 0.000074 0.000001 0.000000
hl72 0.000000 0.000000 0.000000 0.000000
cd55 0.000003 0.000047 0.000000 0.000000
cd63 0.000002 0.000033 0.000000 0.000000
cd64 -0.000002 0.000064 0.000001 0.000000
cd61 -0.000010 0.000173 0.000006 0.000000
ud418 0.000321 0.001092 0.000234 0.000016
ud659 0.000097 0.000960 0.000192 0.000014
cd60 -0.000014 0.000432 0.000040 0.000003
ud777 0.011086 0.007892 0.011127 0.000823
ud535 0.000000 0.000000 0.000000 0.000000
ud533 0.000000 0.000000 0.000000 0.000000
ud272 -0.000003 0.000095 0.000002 0.000000
ud152 0.000000 0.000000 0.000000 0.000000
cd89 0.000013 0.000134 0.000003 0.000000
cd283 -0.000026 0.000118 0.000003 0.000000
cd165 -0.000018 0.000067 0.000001 0.000000
cd286 0.000101 0.000364 0.000026 0.000002
cd97 0.000119 0.000545 0.000058 0.000004
cd169 -0.000019 0.000142 0.000004 0.000000
cd94 0.000062 0.000286 0.000015 0.000001
cd95 0.000007 0.000056 0.000001 0.000000
ud148 -0.000041 0.000074 0.000001 0.000000
ud162 0.049517 0.015884 0.050180 0.003556
ud160 -0.000016 0.000033 0.000000 0.000000
ud282 0.000293 0.000834 0.000130 0.000009
cd392 0.000674 0.001521 0.000464 0.000032
cd270 0.000006 0.000044 0.000000 0.000000
cd274 -0.000011 0.000032 0.000000 0.000000
cd398 -0.000038 0.000046 0.000000 0.000000
cd277 -0.000010 0.000209 0.000008 0.000001
cd86 -0.000301 0.000941 0.000189 0.000014
cd155 0.000004 0.000051 0.000001 0.000000
cd159 0.000003 0.000049 0.000000 0.000000
ud276 0.000035 0.000271 0.000014 0.000001
ud153 0.000601 0.001428 0.000452 0.000035
ud174 0.000011 0.000294 0.000017 0.000001
ud170 0.000007 0.000345 0.000025 0.000002
cd187 0.000007 0.000077 0.000001 0.000000
cd188 0.000057 0.000031 0.000000 0.000000
cd291 0.000114 0.000303 0.000019 0.000001
cd290 -0.000039 0.000278 0.000015 0.000001
cd292 0.000005 0.000031 0.000000 0.000000
cd295 -0.000009 0.000040 0.000000 0.000000
cd299 0.000300 0.001337 0.000398 0.000030
ud177 0.001116 0.000586 0.000072 0.000005
ud4 0.010363 0.007199 0.010395 0.000733
ud6 0.000009 0.000087 0.000002 0.000000
ud9 0.000024 0.000165 0.000005 0.000000
cd482 -0.000025 0.000050 0.000000 0.000000
cd121 0.000105 0.001122 0.000263 0.000020
cd242 -0.000021 0.000108 0.000002 0.000000
cd362 0.000022 0.000306 0.000020 0.000001
cd365 -0.000125 0.000550 0.000064 0.000005
cd485 0.000003 0.000032 0.000000 0.000000
cd122 0.000659 0.000565 0.000067 0.000005
cd488 -0.000007 0.000105 0.000002 0.000000
cd366 0.000001 0.000032 0.000000 0.000000
cd245 0.000481 0.000623 0.000081 0.000006
ud229 0.000708 0.001528 0.000448 0.000033
cd127 0.000010 0.000125 0.000003 0.000000
ud228 0.000870 0.001435 0.000394 0.000028
cd128 -0.000006 0.000036 0.000000 0.000000
ud588 0.001775 0.003286 0.002136 0.000157
ud222 0.000000 0.000000 0.000000 0.000000
ud582 0.000663 0.001301 0.000370 0.000028
ud360 -0.001431 0.001286 0.000349 0.000025
ud481 0.002071 0.001676 0.000524 0.000041
hl694 0.000706 0.001590 0.000482 0.000035
cd592 -0.000020 0.000032 0.000000 0.000000
cd352 0.000011 0.000032 0.000000 0.000000
cd231 -0.000647 0.000340 0.000024 0.000002
cd472 0.000005 0.000035 0.000000 0.000000
cd230 0.000038 0.000134 0.000004 0.000000
cd232 -0.000002 0.000043 0.000000 0.000000
cd353 0.000111 0.000189 0.000007 0.000001
cd111 0.000076 0.000307 0.000021 0.000001
cd235 -0.000019 0.000174 0.000006 0.000000
cd479 -0.000041 0.000952 0.000173 0.000012
cd116 0.000030 0.000207 0.000008 0.000001
cd358 -0.000018 0.000037 0.000000 0.000000
cd357 -0.000002 0.000218 0.000009 0.000001
cd239 -0.000004 0.000031 0.000000 0.000000
cd359 -0.000008 0.000124 0.000003 0.000000
cd238 0.000006 0.000116 0.000002 0.000000
cd119 0.000036 0.000314 0.000020 0.000002
ud234 -0.000013 0.000087 0.000002 0.000000
ud356 -0.000002 0.000016 0.000000 0.000000
ud474 0.000060 0.000179 0.000007 0.000001
ud595 0.000471 0.000519 0.000051 0.000004
ud112 0.002217 0.001047 0.000235 0.000017
ud371 0.001963 0.002150 0.000957 0.000068
ud372 -0.000024 0.000117 0.000003 0.000000
cd260 0.000076 0.000195 0.000008 0.000001
cd262 0.000006 0.000038 0.000000 0.000000
cd141 0.000008 0.000036 0.000000 0.000000
cd383 -0.000043 0.000455 0.000041 0.000003
cd385 0.000019 0.000144 0.000004 0.000000
cd142 -0.000003 0.000271 0.000014 0.000001
cd266 0.000100 0.000173 0.000006 0.000000
cd389 -0.000003 0.000031 0.000000 0.000000
cd147 0.000153 0.000426 0.000036 0.000003
cd388 0.000010 0.000049 0.000000 0.000000
ud124 0.204587 0.029896 0.202322 0.014025
ud487 0.000294 0.001165 0.000287 0.000021
ud120 0.026040 0.011518 0.026203 0.001764
ud484 0.001960 0.002214 0.000926 0.000064
ud261 0.000730 0.001643 0.000574 0.000043
ud380 0.006536 0.006122 0.006823 0.000485
cd370 -0.000034 0.000366 0.000024 0.000002
cd490 0.000083 0.000437 0.000036 0.000003
cd495 0.000006 0.000253 0.000013 0.000001
cd374 -0.000004 0.000032 0.000000 0.000000
cd131 -0.000122 0.000195 0.000007 0.000001
cd252 0.000044 0.000070 0.000001 0.000000
cd494 0.000000 0.000000 0.000000 0.000000
cd2 -0.000018 0.000126 0.000003 0.000000
cd133 0.000023 0.000097 0.000002 0.000000
cd496 -0.000097 0.000461 0.000041 0.000003
cd254 0.000243 0.000172 0.000006 0.000000
cd257 -0.000025 0.000044 0.000000 0.000000
cd499 0.000032 0.000067 0.000001 0.000000
cd5 0.000217 0.000508 0.000053 0.000004
ud373 -0.000315 0.001670 0.000526 0.000038
